$ANSIBLE_VAULT;1.1;AES256
36363061666337623761353038316631363863363232643135616333333731643764323563316637
3831363961633539336639353937636230313533666330320a633233363531356231373737653038
66643130643631626136633361316433386563323837316462353635666336623436366133306333
3562616362653331620a623464373237336536663634663734366461386662366461636637636430
65393038353532646466316637316330336165353564373535323963636335663438306264663664
37663234353835346536663830373362633030353165383033353230633133313636626464343031
36623736306564623663393530623339393932313530386434636633626461366165316233613233
32643537393939653330643762303935643132613438316465366662663836636365393739326332
64666265366164336336386365316232383863303733313431393834346431636661366466316264
38636134363639373632383063666334663332393930663338326166303565656131636661626365
36346162636461373165346235323436663335396532383062666466613130653561396330343737
66306336656331343432393931326636393064663435383438303239653337333363666661323133
65653262343735613938343037663233306231306366636331663232646336643164666266366437
63386662666232313761336637303966353539343264363433646461376235313530356436386430
39656634386565313532626137613434613266643930386134393130393065613662646634636535
61636366663134383136346532643831656536366339666666333234303433313931323465303334
65633836396431623833376534653338623434613036393065656136636436653764653639666363
63616264656163643063353765306630366562353061393234326435336662653261326630323031
66636366303039313838376330326338666264663037616330383530326332386430363062303534
62333232636565366531643331353930636364333665336362616435636166363434666562313061
31646235386639323966666630333765653564613962353830383536636231633535373435323432
61343164313536353866646331623765313663653761323065663464343532623662623933356330
63646432613931356438346139346237343231353736643535623432366366346461336466653535
64343464353731613630613064393663636533656534363561353537386662336130633862366534
36613833613736643731366563376564643463386333396431383434316663346363333932313364
30373633363132303730636234303032343534356465343265303731643736383634373164626663
30316666396463303234306566336565663836313435363265653238373465393963353831363664
30326365303934303535393666363962303434633138613864306664396366343335353837366364
30306137313737393838643633363130316235313561343765303866613633313361623063663330
37616330323265643662393134366462376134613363653932633761623139633961363137336363
64363861393331613639616631653264656438316330613466656234636366393231326164636466
37376237303866363261353339313666363163313435303162336534316661376135633864333361
37396232626261626462613834323132353163633063316238353461633037383831663534373639
37623632663266313237653432393434343261626332626562386162393637363566666266336237
38316138333339303931306362636639656139663331633564663638363866333538373938636633
62316166643831663165376431346537623163356637353931306332303838356662623636383861
35313430633632373339633039363465626163633539316133376232326230393032356263356561
62306463393236326362356238643639306466633362653936323030323766393366373735653031
37643836323732393335613434323363356334653830376332366139633639363433643935323531
64616238303135623734363265666161656334613031313238636634343133643232366638653730
66306664616162393035383064316164316261336338633666363664616362333464623535346236
37383364643035393235316165643565353532663239663630316131313635353231386633336632
64613136633134356466316164343061366366663136623431343531303930626361396133306235
66663266336461613932363366353062636361343832393564386161663333303365643864653438
31666632346334346266633134326164626538346630613236363831653664623935613939373431
62396266386337363261386231626261616238306338363137323438323734383961626535396533
61646432323634376137623631383561653862316436323465663161336633333066663562373533
62383462616637393231313865396338326664323034396663373731633234306135363339336562
3233
